n,rtk,p,m,n,hz,t,v,
1,0.05,NaN,NaN,NaN,NaN,NaN,NaN,
2,0.03,693,1000,693,12.2591001292,77.4711922908,1.6858527695,
3,0.03,839,1000,839,11.957726201,0.0,0.0,
4,0.03,848,1000,848,11.9944521815,0.0,0.0,
5,0.03,862,1000,862,11.9469972314,0.0,0.0,
6,0.03,834,1000,834,12.0009041514,0.0,0.0,
7,0.05,836,1000,836,11.9074499918,0.0,0.0,
8,0.05,846,1000,846,11.9283441166,0.0,0.0,
9,0.03,862,1000,862,11.9674499823,0.0,0.0,
10,0.03,822,1000,822,10.3743139326,0.0,0.0,
11,0.03,873,1000,873,11.9406030792,0.0,0.0,
12,0.03,844,1000,844,12.0035143651,0.0,0.0,
13,0.03,838,1000,838,11.9735994702,0.0,0.0,
14,0.04,821,1000,821,12.0555769529,0.0,0.0,
15,0.04,860,1000,860,11.8896278028,0.0,0.0,
16,0.04,826,1000,826,12.0447063418,0.0,0.0,
17,0.03,835,1000,835,11.9757532842,0.0,0.0,
18,0.03,846,1000,846,11.9641387101,0.0,0.0,
19,0.03,848,1000,848,11.9283101932,0.0,0.0,
20,0.03,844,1000,844,11.9822193781,0.0,0.0,
21,0.03,851,1000,851,11.9665963863,0.0,0.0,
22,0.02,833,1000,833,12.0273333888,0.0,0.0,
23,0.02,851,1000,851,11.9057599945,0.0,0.0,
24,0.01,828,1000,828,11.988795262,0.0,0.0,
25,0.01,809,1000,809,12.013003119,0.0,0.0,
26,0.01,785,1000,785,12.0640030374,0.0,0.0,
27,0.04,775,1000,775,12.1208996674,0.0,0.0,
28,0.04,763,1000,763,12.1201991568,0.0,0.0,
29,0.06,788,1000,788,12.0486161182,0.0,0.0,
30,0.06,804,1000,804,12.0494814559,0.0,0.0,
31,0.06,797,1000,797,12.0663630636,0.0,0.0,
32,0.05,815,1000,815,12.0145860367,0.0,0.0,
33,0.05,847,1000,847,11.9914002104,0.0,0.0,
34,0.05,837,1000,837,11.9917087661,0.0,0.0,
35,0.05,828,1000,828,11.9898576701,0.0,0.0,
36,0.05,825,1000,825,12.0457094937,0.0,0.0,
37,0.05,852,1000,852,11.9739071105,0.0,0.0,
38,0.05,814,1000,814,12.0364453449,0.0,0.0,
39,0.02,844,1000,844,11.9357440233,0.0,0.0,
40,0.02,835,1000,835,12.0251609833,0.0,0.0,
41,0.02,857,1000,857,11.8865278778,0.0,0.0,
42,0.04,831,1000,831,11.9641387101,0.0,0.0,
43,0.04,844,1000,844,11.9575898394,0.0,0.0,
44,0.05,844,1000,844,11.970182308,0.0,0.0,
45,0.05,837,1000,837,10.5059577037,0.0,0.0,
46,0.05,868,1000,868,12.0203706729,0.0,0.0,
47,0.02,846,1000,846,11.9312961899,0.0,0.0,
48,0.02,843,1000,843,12.0079818376,0.0,0.0,
49,0.04,848,1000,848,11.940025222,0.0,0.0,
50,0.04,834,1000,834,11.924647603,0.0,0.0,
51,0.04,854,1000,854,11.9464527816,0.0,0.0,
52,0.01,833,1000,833,11.9474396333,0.0,0.0,
53,0.01,819,1000,819,11.9909888275,0.0,0.0,
54,0.02,809,1000,809,12.0564779469,0.0,0.0,
55,0.02,822,1000,822,12.0235752781,0.0,0.0,
56,0.02,844,1000,844,11.9837941931,0.0,0.0,
57,0.01,834,1000,834,11.9637291955,0.0,0.0,
58,0.01,850,1000,850,11.9935604338,0.0,0.0,
59,0.03,842,1000,842,11.9279031276,0.0,0.0,
60,0.03,834,1000,834,11.9570103369,0.0,0.0,
61,0.03,841,1000,841,11.9960302138,0.0,0.0,
62,0.03,830,1000,830,12.0270574843,0.0,0.0,
63,0.03,852,1000,852,11.9664256817,0.0,0.0,
64,0.04,841,1000,841,12.0033426056,0.0,0.0,
65,0.04,852,1000,852,11.964855428,0.0,0.0,
66,0.04,843,1000,843,12.0010758411,0.0,0.0,
67,0.06,855,1000,855,11.954590669,0.0,0.0,
68,0.06,839,1000,839,11.9340459857,0.0,0.0,
69,0.06,834,1000,834,12.0016252811,0.0,0.0,
70,0.06,829,1000,829,12.0415250345,0.0,0.0,
71,0.06,829,1000,829,11.9767791824,0.0,0.0,
72,0.07,814,1000,814,12.0330957873,0.0,0.0,
73,0.07,832,1000,832,12.0284716287,0.0,0.0,
74,0.06,827,1000,827,12.0416633172,0.0,0.0,
75,0.06,819,1000,819,12.0214042298,0.0,0.0,
76,0.06,810,1000,810,12.0771337171,0.0,0.0,
77,0.04,826,1000,826,11.981637486,0.0,0.0,
78,0.04,839,1000,839,11.973018415,0.0,0.0,
79,0.05,841,1000,841,10.4611240529,0.0,0.0,
80,0.05,852,1000,852,12.021679875,0.0,0.0,
81,0.05,846,1000,846,11.9518654558,0.0,0.0,
82,0.04,834,1000,834,12.0439800258,0.0,0.0,
83,0.04,767,1000,767,12.1219505851,-90.0,0.1755,
84,0.04,739,1000,739,12.1516968844,-90.0,0.628847328186,
85,0.04,748,1000,748,12.1298733599,-90.0,0.842400535583,
86,0.04,721,1000,721,12.1636786516,-90.0,0.727833869934,
87,0.15,710,1000,710,12.1747651724,-90.0,0.702,
88,0.15,708,1000,708,12.2400677036,-90.0,0.8775,
89,0.33,708,1000,708,12.2465006278,-90.0,0.8775,
90,0.33,728,1000,728,12.2292898546,-90.0,0.78975,
91,0.33,732,1000,732,12.2128385658,-90.0,1.01088037491,
92,0.61,721,1000,721,12.297847886,-90.0,1.0917508049,
93,0.61,718,1000,718,12.2853125879,-90.0,0.96525,
94,0.92,703,1000,703,12.3131553917,-90.0,1.04808066559,
95,0.92,701,1000,701,12.2777605396,-90.0,1.26359946442,
96,0.92,700,1000,700,12.356212568,-90.0,1.36468817139,
97,1.13,718,1000,718,12.3070855976,-90.0,1.25769599533,
98,1.13,695,1000,695,12.3946252479,-90.0,1.26360214233,
99,1.34,689,1000,689,12.5550899207,-90.0,1.66725,
100,1.34,672,1000,672,12.609101103,-90.0,1.76904032135,
101,1.34,667,1000,667,12.6245097597,-90.0,1.51631989288,
102,1.54,693,1000,693,12.5593381223,-90.0,1.57212099838,
103,1.54,671,1000,671,12.5037756042,-90.0,1.81958400536,
104,1.76,673,1000,673,12.4725795612,-90.0,1.8341404953,
105,1.76,673,1000,673,12.4488133822,-90.0,1.76904032135,
106,1.76,677,1000,677,12.5024711009,-90.0,2.00154247284,
107,1.86,676,1000,676,12.4618328322,-90.0,2.21129973221,
108,1.86,669,1000,669,12.5272658849,-90.0,2.19375,
109,2.08,646,1000,646,12.5756055732,-90.0,2.36545940781,
110,2.08,640,1000,640,12.5320943574,-90.0,2.57774194336,
111,2.08,660,1000,660,12.4260578715,-90.0,2.62020300293,
112,2.39,637,1000,637,12.5118696044,-90.0,2.6325,
113,2.39,633,1000,633,12.531794809,-90.0,2.91133414078,
114,2.64,655,1000,655,12.3868285048,-90.0,3.0725033157,
115,2.64,625,1000,625,12.5594885538,-90.0,3.03263978577,
116,2.64,617,1000,617,12.5813015934,-90.0,3.0725033157,
117,2.96,618,1000,618,12.6242057771,-90.0,3.40626283264,
118,2.96,619,1000,619,12.5785849668,-90.0,3.63916934967,
119,3.35,619,1000,619,12.5753039411,-90.0,3.6855,
120,3.35,613,1000,613,12.51769481,-90.7884271593,3.77427021091,
121,3.35,612,1000,612,12.6409465858,-91.3019526726,3.79290649303,
122,3.74,616,1000,616,12.5868516846,-91.2453642668,3.94534770377,
123,3.74,606,1000,606,12.5571572704,-90.0,4.14865252304,
124,4.15,617,1000,617,12.5968314988,-89.0759510945,4.2962419281,
125,4.15,623,1000,623,12.6798877818,-88.3634204823,4.42385422246,
126,4.15,620,1000,620,12.6516611266,-88.6677750266,4.55148750616,
127,4.4,608,1000,608,12.7056998837,-90.0,4.63319892883,
128,4.4,597,1000,597,12.7187610872,-90.0,4.70059140015,
129,4.75,608,1000,608,12.7307284885,-90.0,4.71636165619,
130,4.75,607,1000,607,12.7292989378,-90.0,4.73091881561,
131,4.75,606,1000,606,10.9234631692,-90.0,4.74698063809,
132,4.92,611,1000,611,12.8175631282,-90.0,4.84494552422,
133,4.92,595,1000,595,12.7497294603,-90.0,4.92804032135,
134,5.09,591,1000,591,12.810829467,-90.0,5.02205397034,
135,5.09,595,1000,595,12.8118077574,-90.0,5.05440053558,
136,5.09,611,1000,611,12.8300704777,-90.0,5.15771796496,
137,5.12,610,1000,610,12.8359601178,-90.9710219311,5.26502239917,
138,5.12,583,1000,583,12.8598882736,-91.3639299395,5.30928668524,
139,5.23,623,1000,623,12.7302648152,-90.9391909457,5.43494958624,
140,5.23,620,1000,620,12.7898518022,-90.0,5.4405,
141,5.23,600,1000,600,12.8567741461,-89.1103512957,5.46085827146,
142,5.27,584,1000,584,12.834663933,-90.0,5.58090053558,
143,5.27,600,1000,600,12.7906708669,-90.9093804492,5.610385746,
144,5.36,602,1000,602,12.8427595541,-91.3322218229,5.58189382564,
145,5.36,590,1000,590,12.8633984022,-91.7227593165,5.58251450639,
146,5.36,593,1000,593,12.8093818715,-91.4874492,5.68619892883,
147,5.26,616,1000,616,12.7445382339,-90.0,5.70375,
148,5.26,610,1000,610,12.797851923,-89.5312103999,5.70356564864,
149,5.26,592,1000,592,12.8695161241,-90.0,5.76444232178,
150,5.26,621,1000,621,12.7987110673,-90.0,5.76401093376,
151,5.26,598,1000,598,12.8275984402,-90.0,5.76201612854,
152,5.38,596,1000,596,12.7231593859,-90.0,5.76444232178,
153,5.38,599,1000,599,12.7962510983,-90.0,5.82670389076,
154,5.45,605,1000,605,12.8006250305,-90.0,5.91364785004,
155,5.45,592,1000,592,12.8600854211,-90.0,5.9389193573,
156,5.45,590,1000,590,12.8807800384,-91.2188772268,6.00738371302,
157,5.51,590,1000,590,12.8921033138,-91.0230274017,6.03215719925,
158,5.51,584,1000,584,12.9070599024,-90.8069294551,6.06717600718,
159,5.65,599,1000,599,12.9272287374,-90.0,6.11423132869,
160,5.65,601,1000,601,12.9045581109,-91.1457647802,6.21876285937,
161,5.65,624,1000,624,12.879316592,-90.0,6.21691129303,
162,5.54,602,1000,602,12.9138951322,-89.0451733132,6.18926185712,
163,5.54,617,1000,617,12.9419475078,-88.56790666,6.10830690638,
164,5.56,607,1000,607,12.9285835381,-89.0122421985,6.10274919529,
165,5.56,599,1000,599,12.8922618224,-90.0,6.19293172107,
166,5.56,588,1000,588,12.971164908,-90.0,6.28848399353,
167,5.77,600,1000,600,12.9878739085,-89.5303777995,6.31887745692,
168,5.77,578,1000,578,12.995801613,-89.0906103751,6.39951982498,
169,5.86,590,1000,590,12.993788589,-90.0,6.49810334015,
170,5.86,593,1000,593,12.9787509244,-90.0,6.4935,
171,5.86,585,1000,585,13.0040615369,-90.0,6.52860113811,
172,6.0,584,1000,584,12.9535386478,-90.0,6.4935,
173,6.0,608,1000,608,13.0028521118,-90.0,6.318,
174,6.23,606,1000,606,12.977224981,-90.0,6.318,
175,6.23,586,1000,586,12.9748966012,-90.0,6.28870100208,
176,6.23,594,1000,594,12.9115496738,-90.0,6.318,
177,6.21,580,1000,580,12.9607435973,-91.3260803913,6.37576150992,
178,6.21,577,1000,577,12.9565397364,-91.9091571124,6.52792532677,
179,6.31,578,1000,578,12.9669542851,-91.6484218576,6.6029083271,
180,6.31,587,1000,587,12.9974930353,-90.0,6.669,
181,6.31,570,1000,570,13.003053667,-89.3839307088,6.73246396637,
182,6.37,583,1000,583,13.0270834369,-90.0,6.8445,
183,6.37,595,1000,595,13.0676295842,-90.7345210343,6.82344085693,
184,6.43,581,1000,581,13.098440418,-90.8951715763,6.82512544259,
185,6.43,588,1000,588,13.0633967976,-90.7440592029,6.84506247689,
186,6.43,595,1000,595,13.0389897847,-90.8814016692,6.93363826032,
187,6.52,593,1000,593,13.0669374988,-91.2453618769,6.93447116315,
188,6.52,561,1000,561,13.1054799058,-91.0809260232,6.84530992736,
189,6.6,594,1000,594,12.9940703748,-91.4840037104,6.82811926837,
190,6.6,593,1000,593,13.0157642561,-91.2730331416,6.82512544259,
191,6.6,589,1000,589,13.0157642561,-91.3019501912,6.91681418427,
192,6.76,581,1000,581,13.0840167578,-91.4320961842,6.91681421949,
193,6.76,591,1000,591,13.0560366564,-91.0230318337,6.97672055147,
194,6.8,572,1000,572,13.1030643453,-90.8169940872,7.05588625171,
195,6.8,572,1000,572,13.1130189021,-90.704077647,6.98890965676,
196,6.8,600,1000,600,11.0590034435,-90.0,7.02054841608,
197,6.63,589,1000,589,13.040854652,-90.0,7.07615994644,
198,6.63,599,1000,599,13.0742691845,-90.0,7.0761612854,
199,6.64,572,1000,572,13.1809722541,-90.0,7.10775,
200,6.64,570,1000,570,13.1106415434,-90.4244195349,6.98720488358,
201,6.64,587,1000,587,13.0473453034,-92.1211001392,6.98166225296,
202,6.76,567,1000,567,13.044626557,-91.4502162909,6.95299123135,
203,6.76,596,1000,596,12.9030495627,-90.8550842531,7.02054841608,
204,6.79,565,1000,565,13.029673443,-91.023031737,7.12831855645,
205,6.79,589,1000,589,13.0357883221,-91.6846844865,7.20886083077,
206,6.79,582,1000,582,12.9985000434,-91.4320911806,7.2385883832,
207,6.75,567,1000,567,12.9951171149,-91.023031737,7.2088604759,
208,6.75,589,1000,589,12.9856623168,-90.0,7.27833736038,
209,6.85,588,1000,588,12.9922591077,-89.3179396068,7.2783366909,
210,6.85,601,1000,601,12.8767860103,-90.0,7.27833602142,
211,6.85,596,1000,596,12.9865066538,-91.4321019778,7.26618725939,
212,6.96,598,1000,598,12.9966069973,-92.1961041547,7.26875316246,
213,6.96,588,1000,588,12.9207376054,-91.7357090211,7.2850090425,
214,7.04,597,1000,597,12.9659922408,-91.3639275316,7.42711495678,
215,7.04,607,1000,607,12.9982986293,-90.3917634421,7.47704257038,
216,7.04,568,1000,568,13.1174890305,-90.0,7.51889394465,
217,7.1,586,1000,586,13.0828740311,-90.9391924954,7.5823310102,
218,7.1,587,1000,587,13.138033322,-91.3478898464,7.4792660143,
219,7.2,589,1000,589,13.0843841052,-91.1457608152,7.42390493774,
220,7.2,574,1000,574,13.0386249817,-90.6820603932,7.37152230292,
221,7.2,562,1000,562,13.1116251735,-91.6846782445,7.43151484152,
222,7.36,580,1000,580,13.1443739325,-92.1936027849,7.64887981617,
223,7.36,586,1000,586,13.1783631611,-91.363932548,7.72648591292,
224,7.45,565,1000,565,13.2399720952,-90.0,7.80975,
225,7.45,557,1000,557,13.2297822007,-90.0,7.82421242809,
226,7.45,567,1000,567,13.28353898,-91.3322248677,7.85768867213,
227,7.58,544,1000,544,13.3174915144,-91.5693507064,7.89882619699,
228,7.58,544,1000,544,13.3097156421,-91.8717491604,7.90030816486,
229,7.7,565,1000,565,13.2573393683,-91.8830343569,7.96469051781,
230,7.7,550,1000,550,13.2236507746,-91.8676788394,8.08802745191,
231,7.7,607,1000,607,13.1884325014,-91.0609096089,8.18953290264,
232,7.75,578,1000,578,13.3322653037,-90.0,8.32059851738,
233,7.75,574,1000,574,13.3116587587,-90.0,8.18813036728,
234,7.85,573,1000,573,13.2874525992,-90.0,8.18812902832,
235,7.85,565,1000,565,13.3063376595,-91.4321001344,8.21407550437,
236,7.85,554,1000,554,13.2780721915,-91.6379111778,8.1901505549,
237,7.94,570,1000,570,13.3207059399,-91.5481523134,8.32136564993,
238,7.94,592,1000,592,13.2590576446,-90.7345284575,8.3206860742,
239,8.02,573,1000,573,13.3732439723,-90.0,8.37107562198,
240,8.02,555,1000,555,13.3377768167,-90.0,8.42400133896,
241,8.02,583,1000,583,13.4304112405,-91.4502171659,8.38873836986,
242,8.11,567,1000,567,13.415633806,-91.6602678438,8.37206441732,
243,8.11,575,1000,575,13.3351052837,-90.0,8.42455756577,
244,8.22,566,1000,566,13.3877571865,-90.0,8.4927462155,
245,8.22,580,1000,580,13.3637846656,-90.0,8.49527500778,
246,8.22,579,1000,579,13.4016167684,-90.069704396,8.55204596329,
247,8.31,580,1000,580,13.3978068032,-90.140081496,8.63716736235,
248,8.31,564,1000,564,13.3212559312,-91.1691393279,8.65063523155,
249,8.42,564,1000,564,13.4406973018,-91.2575120989,8.72250257487,
250,8.42,550,1000,550,13.4678435994,-91.1233027141,8.84881116755,
251,8.42,585,1000,585,13.5499444344,-90.6820672069,8.95235445786,
252,8.48,581,1000,581,13.5332434194,-91.123306927,9.05824688743,
253,8.48,552,1000,552,13.5657652588,-91.0728248835,9.11830165672,
254,8.56,566,1000,566,13.604707134,-90.0,9.09792069626,
255,8.56,541,1000,541,13.6922886076,-90.0,8.95501818841,
256,8.56,558,1000,558,13.5435127272,-90.6623676804,9.09879882627,
257,8.56,573,1000,573,13.6191524527,-91.6365789521,9.12768734401,
258,8.56,568,1000,568,13.6587577098,-91.3322247765,9.17444751721,
259,8.63,542,1000,542,13.6030304603,-90.7550886387,9.17070515442,
260,8.63,554,1000,554,13.6115504814,-90.3960481396,9.24955375671,
261,8.63,578,1000,578,11.7490798062,-91.0111004685,9.25079588428,
262,8.71,571,1000,571,13.6668132957,-91.3019522965,9.31179806425,
263,8.71,539,1000,539,13.6295526035,-91.3322316287,9.30686548821,
264,8.81,575,1000,575,13.5394905466,-90.9316163594,9.3653065726,
265,8.81,559,1000,559,13.6222929523,-90.2329784728,9.37170026779,
266,8.81,564,1000,564,13.5911731825,-90.5405101871,9.47720345539,
267,8.98,582,1000,582,13.4765414645,-90.367085547,9.60336021423,
268,8.98,566,1000,566,13.5902924261,-90.1830625512,9.55284059823,
269,9.09,557,1000,557,13.5393157234,-90.8814012498,9.49743700827,
270,9.09,574,1000,574,13.3400675542,-90.7742194444,9.58287960741,
271,9.09,553,1000,553,13.5334180858,-90.0,9.69474682617,
272,9.24,562,1000,562,13.5696274608,-90.5115558666,9.70563281051,
273,9.24,566,1000,566,13.5131432695,-91.9700767821,9.83152503748,
274,9.42,553,1000,553,13.5394905466,-92.5791475003,9.86336660921,
275,9.42,566,1000,566,13.589015532,-91.3394009847,9.8316211524,
276,9.42,579,1000,579,13.60488365,-90.4850309939,10.0077137032,
277,9.53,576,1000,576,13.6332296451,-90.8425227292,10.2146422308,
278,9.53,560,1000,560,13.6446277765,-91.6846810383,10.3622906224,
279,9.7,574,1000,574,13.6299069308,-91.4045640246,10.2221465089,
280,9.7,565,1000,565,13.6193293437,-91.7357015222,10.0493496758,
281,9.7,565,1000,565,13.5416762179,-92.1211044825,10.0225901237,
282,9.81,547,1000,547,13.6351353987,-91.4688031078,10.0946831117,
283,9.81,582,1000,582,13.4776240742,-91.157333774,10.1095894541,
284,9.92,571,1000,571,13.6059869789,-90.7073205713,10.1793782257,
285,9.92,560,1000,560,13.7782887778,-90.8550958187,10.2359412582,
286,9.92,540,1000,540,13.7813219779,-91.0581682719,10.3793878651,
287,10.07,541,1000,541,13.6444502277,-91.397183983,10.4083333129,
288,10.07,551,1000,551,13.6621390089,-91.1410265901,10.5544974998,
289,10.22,533,1000,533,13.8904476149,-90.0,10.6904233246,
290,10.22,556,1000,556,13.8025918296,-90.2979210491,10.8461554348,
291,10.22,569,1000,569,13.6139362327,-91.5911371505,10.9196899776,
292,10.18,532,1000,532,13.734344506,-91.3478894638,10.741344409,
293,10.18,551,1000,551,13.9061057769,-91.063351989,10.794676735,
294,10.3,548,1000,548,13.8366509418,-91.8778779,10.854075436,
295,10.3,545,1000,545,13.7951920958,-91.2893923479,10.794676735,
296,10.3,544,1000,544,13.8007297997,-90.3972446551,10.7658736496,
297,10.32,550,1000,550,13.9252658524,-90.0,10.7391868629,
298,10.32,564,1000,564,13.8182345306,-91.2730321177,10.9498880732,
299,10.39,548,1000,548,13.7249514884,-91.2849316315,10.9207032736,
300,10.39,540,1000,540,13.7710959277,-90.7057244609,10.8824152305,
301,10.39,560,1000,560,13.7892961525,-90.0000035539,10.9940460783,
302,10.59,545,1000,545,13.8121824235,-90.0,11.2217933402,
303,10.59,558,1000,558,13.6793383255,-90.587624443,11.2828889378,
304,10.73,539,1000,539,13.7001600523,-91.8778777868,11.2436581292,
305,10.73,549,1000,549,13.85635235,-92.4317476823,11.376232115,
306,10.73,538,1000,538,13.842359037,-91.8039951162,11.4128987225,
307,10.71,570,1000,570,13.6802752817,-91.3322198539,11.3236381372,
308,10.71,548,1000,548,13.7419492233,-91.2844455657,11.3743503832,
309,10.83,558,1000,558,13.7404186036,-91.1017055957,11.3399721251,
310,10.83,565,1000,565,13.8155946138,-90.6498334812,11.3542060947,
311,10.83,562,1000,562,13.6928250096,-91.5275360482,11.4128987225,
312,10.96,583,1000,583,13.5961956751,-91.5275258916,11.4144165522,
313,10.96,559,1000,559,13.8045452301,-90.8680514497,11.49525,
314,11.01,574,1000,574,13.6943450438,-91.0377248798,11.6258070157,
315,11.01,566,1000,566,13.6373520614,-91.7098140441,11.6379438775,
316,11.01,561,1000,561,13.7559206189,-91.562220991,11.7652102133,
317,11.03,529,1000,529,14.0077681705,-91.5481479283,11.7558946983,
318,11.03,588,1000,588,13.7691519815,-91.0050899282,11.6467606947,
319,11.14,568,1000,568,13.6774647979,-90.425034924,11.6484839373,
320,11.14,557,1000,557,13.7208208342,-91.1436837867,11.669541587,
321,11.14,574,1000,574,13.8898496203,-91.8676818489,11.9063530663,
322,11.32,541,1000,541,13.8692732221,-90.8680514497,11.7938184637,
323,11.32,550,1000,550,13.7872111026,-91.1040626003,11.8286966371,
324,11.48,547,1000,547,13.8392989125,-91.2921668862,12.0112423624,
325,11.48,565,1000,565,13.925080925,-91.452935009,12.0171935508,
326,11.48,561,1000,561,13.9229083956,-91.5074382797,12.3241501514,
327,11.55,561,1000,561,13.8043634951,-91.4688044015,12.2627800278,
328,11.55,567,1000,567,11.5531879144,-91.0230390927,12.1343507009,
329,11.61,549,1000,549,13.9639307913,-90.5999497574,12.0856669293,
330,11.61,555,1000,555,13.9633729389,-91.2145831785,12.3149491596,
331,11.61,537,1000,537,13.9963626777,-92.1949308676,12.5936752834,
332,11.79,546,1000,546,13.7695136044,-91.9480850065,12.5878807596,
333,11.79,577,1000,577,13.9322504567,-92.0213742952,12.6434581899,
334,11.78,565,1000,565,14.0265997826,-91.1934924408,12.5335763672,
335,11.78,546,1000,546,13.8819425368,-90.8069294551,12.5494772127,
336,11.78,563,1000,563,13.9442933608,-91.3971877258,12.5584259867,
337,11.75,525,1000,525,14.1948348625,-91.9749392268,12.6000636515,
338,11.75,552,1000,552,14.0331229967,-91.5967008087,12.5891102408,
339,11.77,563,1000,563,13.8573137129,-91.6365714533,12.5878808153,
340,11.77,570,1000,570,13.8673473099,-92.4470487486,12.5878820974,
341,11.77,545,1000,545,14.0429427107,-92.5261145,12.5067931565,
342,11.81,544,1000,544,13.9752369021,-91.4688037546,12.4507454028,
343,11.81,553,1000,553,13.8084991506,-91.5457507709,12.508473958,
344,11.8,556,1000,556,13.951065047,-91.4687960266,12.6161011438,
345,11.8,563,1000,563,13.9999132162,-91.7146944467,12.7422864614,
346,11.8,557,1000,557,14.0747984067,-91.9886378565,12.643614893,
347,11.82,529,1000,529,13.9415587221,-91.4086308878,12.8111681441,
348,11.82,564,1000,564,13.8362401407,-91.4441156335,12.7422871306,
349,11.94,537,1000,537,14.0502812197,-91.5856529448,12.7422878189,
350,11.94,558,1000,558,13.9834837488,-91.1632365884,12.6362266542,
351,11.94,530,1000,530,13.8902636111,-90.9548418229,12.6152042229,
352,12.02,558,1000,558,13.8800131046,-91.6022613463,12.67183529,
353,12.02,525,1000,525,14.0368801162,-91.19348031,12.6399481131,
354,12.1,553,1000,553,13.8756049874,-90.8303096206,12.7395441121,
355,12.1,548,1000,548,13.8585041566,-91.6079001396,12.64301806,
356,12.1,546,1000,546,13.8744116042,-91.6365835756,12.7285904955,
357,12.08,540,1000,540,14.0185831361,-91.1934924725,12.636,
358,12.08,559,1000,559,13.9309084991,-91.5275314343,12.6416862387,
359,12.14,555,1000,555,13.7995946622,-91.027115709,12.6393450183,
360,12.14,543,1000,543,13.974864393,-91.1985025395,12.7310244971,
361,12.14,550,1000,550,14.0944264851,-91.580247538,12.8504829072,
362,12.24,544,1000,544,14.0264590607,-91.5309407193,12.8582662998,
363,12.24,568,1000,568,13.6890710775,-91.3971773816,12.8922877333,
364,12.24,529,1000,529,14.0001001365,-91.1419654742,13.0259552346,
365,12.34,543,1000,543,14.1093140289,-91.2168941631,13.0451356782,
366,12.34,548,1000,548,13.9608631542,-91.2915618473,12.7664258457,
367,12.38,554,1000,554,13.7878002919,-91.3971783201,12.7264729845,
368,12.38,555,1000,555,13.7921527878,-91.1934863754,12.9203298384,
369,12.38,555,1000,555,14.1109279433,-91.6151640635,13.0821095059,
370,12.54,552,1000,552,14.0281948286,-91.8039989293,13.1695246676,
371,12.54,533,1000,533,14.0183488692,-90.9793883237,13.1048450104,
372,12.59,543,1000,543,13.9993524851,-91.1088121278,13.3265147247,
373,12.59,542,1000,542,14.1781366938,-91.3971787063,13.2083991442,
374,12.59,558,1000,558,14.0335455723,-91.6365739053,13.3265147686,
375,12.7,540,1000,540,14.0554133212,-91.9021350342,13.5029119643,
376,12.7,548,1000,548,14.0708321452,-91.6683372482,13.3768313346,
377,12.63,554,1000,554,14.1456689196,-91.1233021297,13.3167120269,
378,12.63,556,1000,556,14.1174823292,-91.3859142282,13.2056944119,
379,12.63,571,1000,571,13.9444787989,-91.3322119406,13.3211473217,
380,12.68,563,1000,563,14.0085167212,-91.5571648038,13.3732964421,
381,12.68,549,1000,549,14.1484842249,-91.3374217229,13.4542490822,
382,12.89,529,1000,529,14.2351100477,-90.9093833202,13.5219975631,
383,12.89,536,1000,536,14.0209262367,-91.5521555018,13.5902276013,
384,12.89,530,1000,530,14.0179740583,-91.7499048875,13.7629883566,
385,13.0,535,1000,535,14.1765552859,-91.6211487077,13.5902282704,
386,13.0,556,1000,556,14.108934338,-90.9028129249,13.5847210627,
387,13.12,564,1000,564,14.035517928,-91.342626182,13.6480953861,
388,13.12,562,1000,562,14.0136651732,-91.4878675288,13.6805708466,
389,13.12,536,1000,536,14.2714370779,-90.8951731957,13.8018456507,
390,13.3,571,1000,571,14.1192882294,-90.535459834,13.655028381,
391,13.3,551,1000,551,14.039041371,-90.3558698306,13.8346653214,
392,13.33,547,1000,547,14.0633306957,-91.709809666,13.8895411694,
393,13.33,547,1000,547,14.1342759994,-92.2457425659,13.8139805148,
394,13.33,547,1000,547,14.0402162452,-91.5881396662,13.801845636,
395,13.36,570,1000,570,13.8106361191,-90.7161599455,13.7597473507,
396,13.36,549,1000,549,13.9782176898,-90.7742118127,13.496100827,
397,13.34,557,1000,557,13.9997263008,-91.2987999999,13.6519383748,
398,13.34,574,1000,574,14.1113552177,-91.4300000927,13.6351226786,
399,13.33,553,1000,553,12.0295065793,-91.1017079108,13.4986556713,
400,13.33,557,1000,557,14.0698409291,-91.1612390423,13.5564448892,
401,13.33,537,1000,537,14.2300390161,-91.9305894828,13.6577948343,
402,13.55,553,1000,553,14.075365198,-91.4057998966,13.8300378856,
403,13.55,548,1000,548,14.0347195267,-91.0416282811,13.9018994266,
404,13.55,555,1000,555,14.0789559368,-91.4100830764,13.8895411568,
405,13.62,543,1000,543,14.27022319,-91.5363040373,13.7755575952,
406,13.62,554,1000,554,14.1617168402,-92.0825643986,13.8536416986,
407,13.83,529,1000,529,14.1328948432,-91.4528458648,13.9922703489,
408,13.83,550,1000,550,14.026412154,-90.9920472916,14.1535791618,
409,14.02,539,1000,539,14.1896004601,-91.2730319379,14.4082335472,
410,14.02,572,1000,572,14.1059449861,-91.2188755785,14.2705781403,
411,14.02,565,1000,565,13.955335516,-91.9920916472,14.4449181852,
412,13.89,545,1000,545,13.9526429593,-92.3859473186,14.572080921,
413,13.89,547,1000,547,14.157080221,-91.4486881515,14.4830039205,
414,13.89,535,1000,535,14.1867687697,-91.0448030398,14.4131267561,
415,13.85,543,1000,543,13.9470290725,-90.881411687,14.1580487096,
416,13.85,545,1000,545,13.8859868963,-90.0,14.0265295277,
417,14.08,548,1000,548,14.0646982881,-90.6558317,14.1677051298,
418,14.08,527,1000,527,14.2314392256,-91.5870127812,14.3793207212,
419,14.08,558,1000,558,14.0177866603,-91.4320913781,14.6608962776,
420,13.99,557,1000,557,14.0692745825,-91.5693556927,14.8506613404,
421,13.99,531,1000,531,14.1486751337,-91.36800971,14.7835725111,
422,13.9,512,1000,512,14.2472468868,-91.6723953307,14.5890188851,
423,13.9,557,1000,557,13.9950083417,-91.317476631,14.6427594721,
424,13.9,554,1000,554,14.0591823874,-92.0095485927,14.7812835681,
425,14.13,539,1000,539,14.2219328763,-92.8624057518,14.9660659442,
426,14.13,536,1000,536,14.1029569007,-92.4059743684,14.9190441885,
427,14.28,534,1000,534,13.9853954239,-91.7534012285,14.9152985261,
428,14.28,544,1000,544,14.0623405361,-91.4214449456,14.9152991953,
429,14.28,554,1000,554,14.1647298799,-92.0137655013,14.9190445231,
430,14.35,550,1000,550,13.9791960378,-92.385947519,14.869603861,
431,14.35,572,1000,572,13.883091263,-91.0793615,14.7461779794,
432,14.15,561,1000,561,13.976401121,-90.9877606607,14.5942019881,
433,14.15,540,1000,540,14.1624819352,-91.3720916495,14.5675598683,
434,14.15,559,1000,559,13.9952418292,-91.4320965133,14.5625011717,
435,14.13,529,1000,529,13.9899202492,-90.9877516491,14.5319498951,
436,14.13,559,1000,559,14.0193328431,-91.2342276425,14.5342155549,
437,14.31,536,1000,536,14.241973766,-91.5426034082,14.7133845727,
438,14.31,538,1000,538,14.2551881181,-92.1056266588,14.7572352632,
439,14.36,552,1000,552,14.0299310262,-92.3942437568,14.938333124,
440,14.36,560,1000,560,14.1240903688,-92.0087140631,15.0222012888,
441,14.36,538,1000,538,14.3568763563,-92.4366466481,15.0604083921,
442,14.58,535,1000,535,14.3701079564,-92.7927017652,15.0759320916,
443,14.58,531,1000,531,14.1300857379,-92.5055386006,15.1934249299,
444,14.58,532,1000,532,14.2083950149,-91.402906003,15.3594354111,
445,14.82,533,1000,533,14.3178160939,-92.6718655303,15.3083450224,
446,14.82,525,1000,525,14.3455824007,-92.7591082692,15.3474370953,
447,14.75,540,1000,540,14.1366579372,-91.8476134215,15.3083462934,
448,14.75,536,1000,536,14.1277060141,-91.6319273162,15.4760968108,
449,14.75,538,1000,538,14.3414620803,-91.9749338378,15.5766962669,
450,14.79,543,1000,543,14.2460371104,-91.9091558022,15.6617693032,
451,14.79,543,1000,543,14.1410904775,-91.7013512976,15.373099776,
452,14.76,552,1000,552,14.1803416694,-91.9091475586,15.4196146303,
453,14.76,535,1000,535,14.3397950043,-91.8626139741,15.5757568172,
454,14.77,542,1000,542,14.2865064632,-91.9382116495,15.6210214809,
455,14.77,530,1000,530,14.1362767732,-92.0129491898,15.5090081005,
456,14.77,536,1000,536,14.2033429957,-91.8830317607,15.6579424237,
457,15.06,551,1000,551,14.2135951283,-92.223964407,15.8547425269,
458,15.06,561,1000,561,14.1350857682,-92.2001663344,16.0025459255,
459,15.06,544,1000,544,14.0427546446,-91.0708223344,15.9316023552,
460,15.28,523,1000,523,14.273234011,-90.6401496695,15.9016957048,
461,15.28,558,1000,558,14.3049245073,-91.6523037429,16.034097051,
462,15.33,510,1000,510,14.4011426688,-91.5566130717,16.061119135,
463,15.33,553,1000,553,14.1787597696,-90.0,16.0265645679,
464,15.55,539,1000,539,14.2017559601,-90.7848218344,16.0356349869,
465,15.55,559,1000,559,14.2574171267,-91.5082021727,16.1596176177,
466,15.55,520,1000,520,14.2965379253,-91.2873304178,16.1606978445,
467,15.41,532,1000,532,14.1898404858,-90.3736636039,16.1817384661,
468,15.41,554,1000,554,14.1616690245,-90.0,16.0584897523,
469,15.41,558,1000,558,14.2450210569,-90.4476148934,15.9711026631,
470,15.35,540,1000,540,14.171142833,-90.179888495,15.9220835912,
471,15.35,549,1000,549,14.1673613598,-90.0,15.8413316029,
472,15.34,549,1000,549,14.220486323,-90.0,15.7718986086,
473,15.34,533,1000,533,14.3513253655,-90.7716199953,15.8782736915,
474,15.34,544,1000,544,14.1765552859,-90.449372316,15.9769859447,
475,15.33,541,1000,541,14.0922481454,-90.0,15.9196035004,
476,15.33,545,1000,545,14.1834106026,-90.0,15.9714642566,
477,15.53,551,1000,551,14.2959044555,-90.0,16.0584897523,
478,15.53,555,1000,555,14.190656634,-90.0,16.1469537762,
479,15.53,531,1000,531,14.1270874172,-90.0,16.1740806427,
480,15.73,548,1000,548,11.9568739916,-90.0,16.0733502186,
481,15.73,540,1000,540,14.3641039867,-90.5305049383,16.3228606545,
482,15.76,550,1000,550,14.2816418952,-90.9240477134,16.3801442792,
483,15.76,542,1000,542,14.1202864251,-91.0609096956,16.4298383005,
484,15.76,538,1000,538,14.2209202581,-91.0982001525,16.4365672635,
485,15.86,536,1000,536,14.3212871152,-90.8615272444,16.4298382747,
486,15.86,543,1000,543,14.3589406513,-90.2491141813,16.351156957,
487,15.87,513,1000,513,14.3529460075,-91.1034792134,16.3777163359,
488,15.87,539,1000,539,14.3387655334,-91.3003044012,16.5622158282,
489,15.87,527,1000,527,14.3422467207,-91.2590501689,16.6239626294,
490,15.89,548,1000,548,14.3519146475,-91.4016922115,16.7479988882,
491,15.89,543,1000,543,14.6329094493,-91.7269877505,17.0702954453,
492,15.99,532,1000,532,14.7835116226,-92.0598522883,16.9182025988,
493,15.99,539,1000,539,14.5388697663,-91.4188193609,17.133817552,
494,15.99,532,1000,532,14.5028751232,-91.5074371593,17.0667225306,
495,16.1,533,1000,533,14.6466038335,-91.7357043216,17.294765908,
496,16.1,562,1000,562,14.5550145921,-91.6936240014,17.4032097996,
497,16.07,530,1000,530,14.7091145011,-90.6944840111,17.3950382426,
498,16.07,525,1000,525,14.7536107496,-91.0639387398,17.4693748259,
499,16.07,535,1000,535,14.5934010876,-91.7239597924,17.2972315804,
500,16.07,532,1000,532,14.4921515174,-91.7815653356,17.2655138717,
501,16.07,549,1000,549,14.5456764949,-92.0602193863,17.4184509485,
502,15.98,534,1000,534,14.5874627862,-91.7992757241,17.1195694155,
503,15.98,530,1000,530,14.6664242255,-92.0825707572,17.2620939902,
504,15.98,544,1000,544,14.5838615572,-92.0825704881,17.0439019074,
505,15.88,527,1000,527,14.6483941718,-92.5561497566,17.0928148368,
506,15.88,537,1000,537,14.5760058939,-92.3613746582,17.3228452436,
507,16.11,529,1000,529,14.5374084113,-91.5800942979,17.2486875215,
508,16.11,531,1000,531,14.5312638581,-92.0638247317,17.3026667692,
509,16.11,546,1000,546,14.2881611713,-91.8087374557,17.2620939902,
510,16.2,559,1000,559,14.2358830937,-91.4976508642,17.0333248975,
511,16.2,546,1000,546,14.3151772885,-92.5261156735,17.3229834815,
512,16.38,520,1000,520,14.3477906893,-92.9814643225,17.5398069558,
513,16.38,515,1000,515,14.5759552397,-92.4681217419,17.4831668329,
514,16.38,529,1000,529,14.5338318508,-92.4681134102,17.6189805134,
515,16.56,506,1000,506,14.5885282793,-92.1055154837,17.3718583576,
516,16.56,520,1000,520,14.5022232365,-92.3674855433,17.3113700968,
517,16.38,542,1000,542,14.2138359665,-92.4478454736,17.1560475792,
518,16.38,524,1000,524,14.2822741017,-92.3573383658,16.9936136938,
519,16.38,534,1000,534,14.3878538816,-92.5561520107,17.1288680589,
520,16.41,558,1000,558,14.4164873616,-92.583018074,17.2915367016,
521,16.41,538,1000,538,14.4721997944,-92.0247650816,17.4541554579,
522,16.45,554,1000,554,14.3334244628,-92.4110302129,17.1511818512,
523,16.45,519,1000,519,14.4275458783,-92.1276811495,17.1128004893,
524,16.45,523,1000,523,14.4194115079,-91.478338038,16.932915438,
525,16.39,544,1000,544,14.4889475375,-92.1155178677,16.7567673165,
526,16.39,524,1000,524,14.4511078724,-92.4895571223,17.0536916431,
527,16.8,536,1000,536,14.4443893435,-92.5612271406,17.3480473912,
528,16.8,547,1000,547,14.3772996356,-92.4292735773,17.5794061178,
529,16.8,538,1000,538,14.4106921372,-92.4590421289,17.5984148514,
530,16.96,547,1000,547,14.4447873044,-92.0700319264,17.6072780302,
531,16.96,534,1000,534,14.4933533751,-92.0045340321,17.7352684176,
532,16.89,511,1000,511,14.5662361476,-92.0213640843,17.6746865668,
533,16.89,553,1000,553,14.4235767465,-92.1475867166,17.7079125209,
534,16.89,531,1000,531,14.3682373294,-91.6846838677,17.8356375102,
535,17.1,522,1000,522,14.6012755173,-91.297890285,17.8230518787,
536,17.1,537,1000,537,14.5776776808,-91.1538503521,17.8951471254,
537,17.1,529,1000,529,14.6804383512,-91.6683374483,18.1192531417,
538,17.1,545,1000,545,14.6350538918,-91.2120024787,18.0734571177,
539,17.1,537,1000,537,14.6264798909,-91.0090684007,17.8688310019,
540,17.04,544,1000,544,14.5772217009,-91.4688065871,17.943075677,
541,17.04,530,1000,530,14.6292857492,-91.2145846189,17.8379592877,
542,17.28,520,1000,520,14.6722216975,-90.9793221669,18.0927852756,
543,17.28,552,1000,552,14.5203474384,-91.2046664248,18.0524307005,
544,17.41,529,1000,529,14.5851293928,-90.9441798976,18.2393143257,
545,17.41,554,1000,554,14.5013708576,-90.6902747247,18.2872246449,
546,17.41,527,1000,527,14.7032878431,-90.6662016801,18.2393150181,
547,17.64,545,1000,545,14.6426155108,-90.3292857966,18.4489938784,
548,17.64,533,1000,533,14.7182505009,-90.0670098501,18.5171213509,
549,17.64,508,1000,508,14.7394566405,-90.3255439913,18.8487002678,
550,17.95,542,1000,542,14.5076908709,-90.6455644088,18.8680865385,
551,17.95,515,1000,515,14.7225385236,-90.7862604935,19.0619214891,
552,17.81,515,1000,515,14.7907058753,-90.6015125345,19.1648887538,
553,17.81,528,1000,528,14.6931408954,-91.0199003238,19.1811641885,
554,17.81,543,1000,543,14.6460412462,-91.3511879017,18.9582362281,
555,17.77,544,1000,544,14.5380634651,-91.7247098274,18.8762467701,
556,17.77,526,1000,526,14.5921318137,-91.9305884824,18.7558455089,
557,17.53,530,1000,530,14.6352581572,-91.397179398,18.7288883591,
558,17.53,527,1000,527,14.5844700908,-90.8721195742,18.2268015741,
559,17.26,526,1000,526,14.4750966317,-91.1651917472,18.1265844178,
560,17.26,525,1000,525,14.3194780632,-91.9144849358,17.9582467129,
561,17.26,517,1000,517,14.4423004084,-91.6946513502,18.0959659843,
562,17.74,513,1000,513,14.5961942677,-90.9793935967,18.0762107703,
563,17.74,540,1000,540,14.4306234582,-90.1602673413,18.1901699502,
564,17.74,543,1000,543,14.3192825173,-91.4320954709,18.1994815378,
565,17.99,527,1000,527,14.4059405601,-91.8561580474,18.3378796254,
566,17.99,542,1000,542,14.4439416637,-91.3859385456,18.6208647656,
567,18.27,521,1000,521,14.4818437635,-91.1178245824,18.1661575085,
568,18.27,551,1000,551,14.5951784422,-91.4983419354,18.9613137668,
569,18.27,521,1000,521,14.7498751591,-91.8831940888,19.1901831693,
570,18.83,514,1000,514,14.7708084618,-92.0920689132,19.2709018476,
571,18.83,536,1000,536,14.6978778279,-92.6204149438,19.9379898451,
572,18.81,530,1000,530,14.6989595125,-92.1409018444,19.6637046099,
573,18.81,550,1000,550,14.4256602683,-91.6502687755,19.5851050504,
574,18.81,554,1000,554,14.7260017625,-91.9028374174,19.4897465219,
575,18.79,542,1000,542,12.5550523389,-92.0638202069,19.3533027908,
576,18.79,540,1000,540,14.7340199812,-91.5911384562,19.3988041713,
577,18.47,520,1000,520,14.7764805355,-91.5650700095,19.3056525911,
578,18.47,511,1000,511,14.6241339995,-91.2673989852,19.466003928,
579,18.47,541,1000,541,14.612415821,-91.5608145527,19.3297228373,
580,18.12,544,1000,544,14.5634544205,-92.1610794882,18.9607380252,
581,18.12,525,1000,525,14.4705021873,-92.4195092167,18.9704459901,
582,18.36,534,1000,534,14.4560885914,-92.1747503094,19.2721848005,
583,18.36,523,1000,523,14.6668345153,-92.770214974,19.3965739852,
584,18.36,538,1000,538,14.6689889134,-92.8022627088,19.6841697877,
585,18.5,511,1000,511,14.8165690507,-92.8851405487,20.0239963006,
586,18.5,528,1000,528,14.7730455487,-92.8888900837,20.2428583162,
587,18.73,544,1000,544,14.7194901544,-92.6978096983,20.1346194509,
588,18.73,528,1000,528,14.8442563191,-92.1079993254,20.0367924707,
589,18.73,514,1000,514,14.7325191344,-91.9325025928,20.2958001801,
590,19.01,517,1000,517,14.7268807539,-92.3620319499,20.1452464598,
591,19.01,535,1000,535,14.6805925013,-92.1747437746,19.9858005958,
592,18.77,537,1000,537,14.6556623222,-92.0798693132,20.0266344329,
593,18.77,520,1000,520,14.7856483146,-92.0592793189,19.5859998414,
594,18.77,533,1000,533,14.7920620982,-92.1035872228,19.6330423632,
595,18.58,509,1000,509,14.8381121516,-92.3640795859,19.4987055702,
596,18.58,539,1000,539,14.7551678041,-92.7159861983,19.5238956268,
597,18.65,505,1000,505,14.8718890611,-93.0750969636,19.6099255159,
598,18.65,538,1000,538,14.6074794347,-92.6506923526,19.66498426,
599,18.65,524,1000,524,14.8082516302,-92.2906079769,19.7973694037,
600,18.63,541,1000,541,14.5974642485,-92.0848770176,19.8249363221,
601,18.63,540,1000,540,14.8917955491,-92.2196571394,19.6647044631,
602,18.9,542,1000,542,14.8800669803,-91.8487546013,19.9250797827,
603,18.9,528,1000,528,14.9198180156,-92.304624607,20.1369331393,
604,18.9,516,1000,516,14.9693924166,-92.5873201337,20.2025367117,
605,19.29,530,1000,530,14.8262059117,-92.5050971753,20.3622243834,
606,19.29,526,1000,526,14.8608236282,-92.6561478317,20.2302264891,
607,19.16,555,1000,555,14.7944621788,-92.574735995,20.3282788072,
608,19.16,496,1000,496,15.0597967757,-92.1692572128,20.3700998525,
609,19.16,536,1000,536,14.7883070132,-91.8994162529,20.3537678651,
610,19.26,519,1000,519,14.9104831514,-91.1923545672,20.3112567402,
611,19.26,536,1000,536,14.8222763303,-91.4410979241,20.1721875232,
612,19.15,551,1000,551,14.7127778616,-91.5622233152,20.1094608785,
613,19.15,526,1000,526,14.6953030292,-92.0669261648,19.9341769363,
614,19.15,538,1000,538,14.8475668251,-91.5074356579,20.0163108661,
615,18.98,518,1000,518,14.7939925365,-91.9757265357,20.0522027127,
616,18.98,543,1000,543,14.6511572667,-91.5295646353,20.0129607573,
617,19.33,560,1000,560,14.6290816504,-91.823133656,20.1807904954,
618,19.33,522,1000,522,14.7011233592,-91.5343399211,20.2770865095,
619,19.33,546,1000,546,14.4797439819,-91.1691362948,20.1772574915,
620,19.48,534,1000,534,14.5583489238,-91.267423476,20.297912,
621,19.48,534,1000,534,14.6314291296,-91.3384720009,20.3822572014,
622,19.43,545,1000,545,14.5463322941,-90.9669255716,20.2704399342,
623,19.43,524,1000,524,14.6955089799,-91.4465556494,20.4332953957,
624,19.43,520,1000,520,14.5283444984,-91.4462150742,20.3474911605,
625,19.6,551,1000,551,14.4050499882,-91.4563586343,20.1823567492,
626,19.6,548,1000,548,14.1827871181,-91.215650484,19.873856165,
627,19.15,538,1000,538,14.2450210569,-91.5295685104,19.7083899481,
628,19.15,523,1000,523,14.402576755,-91.3427043257,19.1990886486,
629,19.15,544,1000,544,14.3190869769,-91.2858845654,18.958978183,
630,18.86,553,1000,553,14.0469403065,-91.5693547498,18.9669955449,
631,18.86,524,1000,524,14.2079618439,-92.1016543277,19.3115300981,
632,19.19,528,1000,528,14.3024855332,-91.989357828,19.6133752596,
633,19.19,515,1000,515,14.300632469,-92.5359291951,19.9669445425,
634,19.19,540,1000,540,14.1932497276,-92.085141477,20.0199225623,
635,19.17,538,1000,538,14.2529113726,-92.5351623522,20.1892127037,
636,19.17,540,1000,540,14.4632169877,-92.5765726391,20.7145136114,
637,19.07,519,1000,519,14.5908627605,-92.2139422587,20.5595909373,
638,19.07,543,1000,543,14.6132813044,-91.9835141702,20.7900051859,
639,19.07,537,1000,537,14.5949245079,-91.684685056,20.7245825837,
640,19.12,531,1000,531,14.7627501637,-91.709810666,20.3390490503,
641,19.12,525,1000,525,14.7357799841,-92.3111329298,20.1258009103,
642,18.66,541,1000,541,14.5712965569,-92.5448030378,20.0331817387,
643,18.66,544,1000,544,14.5251747985,-93.0393995689,19.7695704892,
644,18.66,543,1000,543,14.4682060587,-93.2601584319,19.7846114034,
645,18.16,526,1000,526,14.6428199874,-93.1798305523,19.9457506924,
646,18.16,524,1000,524,14.5906597325,-92.622401159,19.8401095641,
647,18.28,529,1000,529,14.7372814954,-92.2906056783,19.6004696399,
648,18.28,531,1000,531,14.8033910508,-92.0363254548,19.8311704534,
649,18.28,515,1000,515,14.8064742741,-92.2830360519,19.7115214296,
650,18.2,543,1000,543,14.7318464402,-92.1113749857,20.0821439496,
651,18.12,533,1000,533,14.733864707,-91.5207696611,20.1329726815,
652,18.12,538,1000,538,14.7614512615,-91.8717442399,19.7692659213,
653,18.12,538,1000,538,14.8054289698,-91.812555601,19.7222843034,
654,18.12,533,1000,533,14.7790838619,-91.8183037628,19.8187035274,
655,18.28,516,1000,516,14.7314842458,-91.766270486,19.8112209364,
656,18.28,537,1000,537,14.73407174,-91.5672138996,19.7177089845,
657,18.1,530,1000,530,14.8785362341,-91.5275291873,19.5816761319,
658,18.1,544,1000,544,14.7097851208,-91.1017079856,19.4851033059,
659,18.1,539,1000,539,14.9902573963,-91.2592447874,19.6550210002,
660,17.84,536,1000,536,14.8947041339,-91.8676819779,19.4931445449,
661,17.84,547,1000,547,14.5505711917,-91.5693548047,19.2647261014,
662,17.58,532,1000,532,14.6177121488,-92.2590187314,19.5631803851,
663,17.58,546,1000,546,14.5001175413,-91.9091573074,19.2802551654,
664,17.58,526,1000,526,14.5274890463,-92.3759568431,19.1918447136,
665,17.3,520,1000,520,14.5494607654,-91.8778780368,19.1008513221,
666,17.3,535,1000,535,14.453149552,-92.383264322,19.1071210135,
667,17.13,542,1000,542,14.4759459245,-92.6910138395,18.7582964535,
668,17.13,554,1000,554,14.2472468868,-92.0168931346,18.3569423161,
669,17.13,533,1000,533,14.415645031,-91.2657937588,18.2482938355,
670,16.97,540,1000,540,14.515673992,-91.5856568946,18.0973352858,
671,16.97,525,1000,525,14.4725992892,-92.249205133,18.2087884717,
672,17.15,540,1000,540,12.1147729439,-92.0952494858,18.353105261,
673,17.15,538,1000,538,14.4502614915,-91.6938127085,18.1568953303,
674,17.15,535,1000,535,14.4680563365,-91.6173427392,18.069282842,
675,17.2,542,1000,542,14.4837440907,-90.8303133343,17.9221809883,
676,17.2,554,1000,554,14.2492797739,-90.9469495812,18.0765485384,
677,17.24,516,1000,516,14.4711512253,-91.6651059843,18.160181399,
678,17.24,553,1000,553,14.5095477943,-91.4574813677,18.0169963271,
679,17.24,539,1000,539,14.3406284939,-90.8012801466,17.9044408458,
680,17.3,542,1000,542,14.4713509411,-90.6905009203,17.8077490194,
681,17.3,538,1000,538,14.5919287503,-90.8126442666,17.9022401447,
682,16.94,532,1000,532,14.5414404482,-90.635954743,17.6509058971,
683,16.94,532,1000,532,14.5007692387,-91.0050842785,17.6412421916,
684,16.94,528,1000,528,14.4837440907,-91.2987595764,17.4721985898,
685,16.73,531,1000,531,14.3426881187,-91.301553456,17.4717992386,
686,16.73,555,1000,555,14.3412659336,-90.2915809458,17.2777851815,
687,16.6,532,1000,532,14.4669584683,-90.0,17.3168033717,
688,16.6,535,1000,535,14.5823911441,-90.3476678174,17.3753175084,
689,16.6,545,1000,545,14.5306597564,-90.0,17.5156113719,
690,16.38,544,1000,544,14.5082930643,-89.5986394327,17.1992238506,
691,16.38,522,1000,522,14.6732996089,-90.0,17.2933309822,
692,16.37,530,1000,530,14.5386681826,-90.6326849961,17.2933323212,
693,16.37,535,1000,535,14.5317169673,-90.0997111658,17.5640453754,
694,16.37,520,1000,520,14.4075735612,-90.6488930293,17.7055094805,
695,16.34,544,1000,544,14.2288321601,-90.8135373285,17.7754432957,
696,16.34,543,1000,543,14.1282770747,-90.8601165933,17.8320935526,
697,16.17,541,1000,541,14.3046805724,-90.6926699619,17.5863713776,
698,16.17,546,1000,546,14.2150402798,-90.6902754003,17.5535096491,
699,16.17,556,1000,556,14.0408272575,-91.1691393279,17.5553504791,
700,16.04,548,1000,548,14.2077693319,-90.7252217098,17.195314873,
701,16.04,560,1000,560,14.3253958496,-90.0,17.1873342524,
702,16.02,525,1000,525,14.2969277809,-90.0,17.4689578823,
703,16.02,544,1000,544,14.0052424027,-91.018504735,17.2790903705,
704,16.02,546,1000,546,13.9619785026,-91.5021645146,17.2961905012,
705,15.84,528,1000,528,14.0938107991,-91.4538954651,17.1404553946,
706,15.84,526,1000,526,14.0232701206,-91.7797213247,17.2783817099,
707,15.77,528,1000,528,13.7929238287,-91.2286844987,16.683828685,
708,15.77,533,1000,533,13.6851405937,-91.3803548133,17.1404560638,
709,15.77,536,1000,536,13.8152305665,-92.0771747652,17.0702961143,
710,15.76,532,1000,532,13.6093421979,-91.4411048217,16.8181923969,
711,15.76,541,1000,541,13.5151462424,-92.2954349225,16.8186298856,
712,15.59,547,1000,547,13.4741603354,-91.3994825712,16.8221745975,
713,15.59,564,1000,564,13.6196831396,-91.2730350145,16.4649312902,
714,15.59,553,1000,553,13.6342046153,-91.622330376,16.3299897275,
715,15.42,539,1000,539,13.6671695629,-91.91981013,16.1638090076,
716,15.42,542,1000,542,13.7175898823,-91.8840501366,16.0668788292,
717,15.46,539,1000,539,13.9415587221,-91.8226324778,16.3576145502,
718,15.46,536,1000,536,13.9617925989,-91.2319730174,16.3803024187,
719,15.46,540,1000,540,13.7012788893,-91.6500262776,16.0960022985,
720,15.34,538,1000,538,14.0099204692,-92.6264098028,16.1711839873,
721,15.34,542,1000,542,14.14490564,-92.3060642345,16.1909138468,
722,15.23,555,1000,555,14.1107380518,-92.2545773526,16.3192165847,
723,15.23,544,1000,544,14.0726261294,-92.3949214105,16.2012430744,
724,15.23,531,1000,531,14.2203416839,-91.5154040276,15.9278574554,
725,15.23,540,1000,540,14.3085845285,-92.0213630753,15.9128483737,
726,15.23,547,1000,547,14.1059924262,-92.6818646289,15.8113916314,
727,15.09,564,1000,564,13.8954635958,-92.938451836,15.8069392376,
728,15.09,573,1000,573,13.9070279447,-93.0940600488,15.7164664786,
729,15.09,554,1000,554,13.989546957,-92.3373045464,15.657942447,
730,14.85,547,1000,547,14.1484842249,-91.9414815181,15.4783544803,
731,14.85,548,1000,548,14.1051859873,-92.3278141676,15.4196159682,
732,14.76,554,1000,554,14.1420917585,-92.4424194025,15.4680659614,
733,14.76,540,1000,540,14.3387655334,-92.3215295272,15.5109939767,
734,14.76,562,1000,562,14.2844629411,-92.3152930296,15.6061331818,
735,14.59,542,1000,542,14.2948812766,-93.2838678376,15.6139927216,
736,14.59,534,1000,534,14.3307799015,-92.9984653365,15.6127215697,
737,14.62,543,1000,543,14.1346570555,-91.6245204887,15.5057583863,
738,14.62,539,1000,539,13.9641167521,-91.9948833114,15.4680686831,
739,14.62,536,1000,536,14.0613505159,-92.5733594632,15.3083449561,
740,14.62,539,1000,539,14.2184616428,-92.0577176367,15.3837793683,
741,14.62,550,1000,550,14.1775615956,-92.3137179626,15.2888403221,
742,14.2,543,1000,543,13.9723039305,-91.877880544,15.1994269274,
743,14.2,544,1000,544,14.1051859873,-92.3373065786,15.0681878361,
744,14.2,534,1000,534,14.2736711712,-92.8221532273,15.0172085381,
745,13.98,526,1000,526,14.0997804843,-91.3439475305,14.9250276532,
746,13.98,559,1000,559,13.873080765,-90.7161575084,14.7796106105,
747,13.92,545,1000,545,14.0295555957,-90.7915962156,14.7386338577,
748,13.92,546,1000,546,14.2494734124,-92.009553813,14.8650152231,
749,13.92,557,1000,557,14.0579572192,-91.7346941055,14.9852446022,
750,13.73,538,1000,538,14.2021406635,-91.385923318,14.8668992006,
751,13.73,538,1000,538,14.0502341536,-92.3339100495,14.9234965147,
752,13.59,551,1000,551,14.0823120984,-92.2906108329,14.7841547487,
753,13.59,538,1000,538,14.2095984064,-92.0512642531,14.6824841514,
754,13.59,549,1000,549,11.7102740854,-91.8963732698,14.3821983011,
755,13.55,535,1000,535,14.0164281752,-90.8814089849,14.2809163997,
756,13.55,559,1000,559,13.9848824842,-90.8747272933,14.4053350495,
757,13.52,525,1000,525,14.2596468324,-91.2319750638,14.4058390289,
758,13.52,544,1000,544,14.0823120984,-90.3580939593,14.1939254688,
759,13.52,545,1000,545,13.9721642959,-90.5115567014,14.1490903244,
760,13.35,517,1000,517,14.0910645474,-90.1439636931,14.2030387002,
761,13.35,539,1000,539,14.0262714358,-90.8551049084,14.1974219182,
762,13.29,547,1000,547,13.9725366611,-91.0809269999,14.1566844682,
763,13.29,557,1000,557,13.8155491069,-90.7252272035,14.1105931608,
764,13.29,564,1000,564,13.7697396283,-90.6883814778,13.9922703589,
765,13.21,530,1000,530,14.0638965637,-90.7639014586,13.8656582176,
766,13.21,547,1000,547,13.9020036128,-91.1017075223,13.8336283685,
767,13.15,535,1000,535,13.7765690487,-91.2636639196,13.8060109948,
768,13.15,545,1000,545,13.709877653,-90.0,13.7560577316,
769,13.15,566,1000,566,13.7720002758,-89.2559407971,13.6512677615,
770,13.06,550,1000,550,13.7381233132,-90.3706070662,13.6275678573,
771,13.06,555,1000,555,13.5935958516,-90.7368957623,13.6015330702,
772,12.92,562,1000,562,13.6544889867,-90.8951704514,13.6477254235,
773,12.92,549,1000,549,13.962768649,-91.3019559476,13.6502522238,
774,12.92,570,1000,570,13.8316317109,-90.5359640038,13.5238959382,
775,12.74,540,1000,540,13.7391133444,-90.3769404796,13.3735167112,
776,12.74,516,1000,516,13.7765690487,-90.4602092192,13.2596059664,
777,12.69,560,1000,560,13.7988228753,-90.0,13.1446022998,
778,12.69,548,1000,548,13.6972966618,-89.5375722972,13.0574125671,
779,12.69,557,1000,557,13.5839983418,-90.0,12.8887204285,
780,12.57,532,1000,532,13.6504006301,-90.0,12.7623602142,
781,12.57,554,1000,554,13.7562815471,-90.0,12.7425969892,
782,12.58,532,1000,532,13.7031141778,-90.7022266474,12.8893398274,
783,12.58,542,1000,542,13.7453267965,-90.1371227973,12.7629857456,
784,12.58,544,1000,544,13.7155264595,-89.9177979112,12.6366344641,
785,12.56,550,1000,550,13.7027560341,-90.7252293244,12.7471497527,
786,12.56,578,1000,578,13.6399686505,-90.5673144603,12.5769659786,
787,12.61,566,1000,566,13.5819749105,-90.0000129648,12.3149471512,
788,12.61,574,1000,574,13.486724867,-90.0,12.3201008034,
789,12.61,552,1000,552,13.6610265547,-90.3884224368,12.640943764,
790,12.75,534,1000,534,13.7902482328,-91.1256851685,13.0403534889,
791,12.75,553,1000,553,13.5793805221,-91.2837140522,13.2548981913,
792,12.82,546,1000,546,13.6215851076,-91.1017061152,13.5228831703,
793,12.82,569,1000,569,13.6247267294,-90.0,13.6477254384,
794,12.82,556,1000,556,13.6839797463,-90.0,13.7560577316,
795,12.84,547,1000,547,13.5074859025,-90.9391875474,13.537709713,
796,12.84,537,1000,537,13.6070904868,-90.9793936283,13.340453135,
797,12.02,577,1000,577,13.6548446117,-91.5856536089,12.9536126088,
798,12.02,559,1000,559,13.6705104721,-90.682059031,12.6123407383,
799,12.02,534,1000,534,13.6935402778,-90.1609403244,12.433825264,
800,11.39,580,1000,580,13.5815790922,-91.1573288576,12.5913941166,
801,11.39,552,1000,552,13.6657000802,-91.1852608186,12.5796970816,
802,11.18,558,1000,558,13.5279618896,-90.3978809618,12.5311427059,
803,11.18,566,1000,566,13.5793805221,-90.0,12.4257039398,
804,11.18,553,1000,553,13.6864356174,-90.5758330976,12.3251207211,
805,10.63,563,1000,563,13.6050601706,-90.9877641344,12.2627827148,
806,10.63,557,1000,557,13.6440507597,-90.7161585227,12.011242338,
807,10.63,554,1000,554,13.7961449905,-91.036932496,11.757593759,
808,10.63,575,1000,575,13.5972975952,-91.57655269,11.5330082777,
809,10.63,553,1000,553,13.5902483913,-91.6444434764,11.2386889112,
810,10.76,553,1000,553,13.5622560733,-91.3639275316,11.100955882,
811,10.76,559,1000,559,13.5444749071,-91.3693829808,11.0732903011,
812,10.96,536,1000,536,13.5074859025,-91.435134066,11.3481615505,
813,10.96,571,1000,571,13.5210279621,-91.888190863,11.5477713351,
814,10.96,563,1000,563,13.4322176925,-91.3322215948,11.574616513,
815,11.04,567,1000,567,13.5806995788,-90.9426257949,11.3728893739,
816,11.04,549,1000,549,13.6034275299,-90.6437331455,11.2323427682,
817,10.85,567,1000,567,13.6262316811,-90.4529287042,11.1009555473,
818,10.85,571,1000,571,13.6798737133,-90.4565416984,11.0638213074,
819,10.85,551,1000,551,13.5436876588,-90.0,11.1602821577,
820,10.72,541,1000,541,13.6537333451,-90.8031804936,11.2328568891,
821,10.72,563,1000,563,13.7801900306,-90.6510614777,11.221793304,
822,10.46,576,1000,576,13.6772417931,-90.9022211615,11.0824461103,
823,10.46,577,1000,577,13.5770068657,-90.6585303453,11.0048483276,
824,10.46,578,1000,578,13.6894285062,-90.0,10.9185583349,
825,10.21,552,1000,552,13.8487119716,-89.6706317459,10.9175053711,
826,10.21,548,1000,548,13.73798832,-90.0,10.9185576841,
827,9.96,583,1000,583,11.5285774756,-90.5729299559,10.7428274918,
828,9.96,564,1000,564,13.5672133269,-90.8343615644,10.6904219856,
829,9.96,572,1000,572,13.6401460827,-90.0,10.4933286657,
830,9.62,561,1000,561,13.6432962729,-90.8813986849,10.4670043972,
831,9.62,537,1000,537,13.7417241108,-91.2321191797,10.3137634745,
832,9.56,567,1000,567,13.6312358221,-91.6846961246,10.3242332852,
833,9.56,560,1000,560,13.5769629169,-90.5968116645,10.2351596117,
834,9.56,566,1000,566,13.6522223126,-89.2926795212,10.1604769394,
835,9.34,585,1000,585,13.4789234354,-90.0,10.2187878284,
836,9.34,567,1000,567,13.5792046672,-90.5906632537,10.1902617309,
837,9.2,567,1000,567,13.7798278468,-90.0,10.0441066017,
838,9.2,545,1000,545,13.7506442074,-90.0,10.0057165853,
839,9.2,572,1000,572,13.5659407657,-90.0,9.82818036246,
840,9.14,552,1000,552,13.6375294255,-90.9391890427,9.82956683939,
841,9.14,575,1000,575,13.8073627347,-92.0825694555,9.82818170852,
842,9.22,555,1000,555,13.795010607,-91.837788507,9.83249151056,
843,9.22,533,1000,533,13.6106229151,-90.0,9.82575590515,
844,9.22,559,1000,559,13.656711947,-90.0,9.68766572713,
845,9.18,560,1000,560,13.8098630967,-90.5161642298,9.68903203545,
846,9.18,556,1000,556,13.6978781911,-90.0,9.70902541105,
847,9.18,557,1000,557,13.7364585824,-90.0,9.69474682617,
848,9.18,548,1000,548,13.6262316811,-90.0,9.60988752178,
849,9.18,564,1000,564,13.5352523558,-90.0,9.60336021423,
850,9.19,546,1000,546,13.5408018647,-89.6857336013,9.49514173739,
851,9.19,554,1000,554,13.5810513705,-90.6330944241,9.60419149684,
852,9.05,583,1000,583,13.4466437122,-90.8599128371,9.47784303484,
853,9.05,533,1000,533,13.5709007138,-90.0,9.46183696175,
854,9.05,544,1000,544,13.507094414,-91.2730347848,9.43636447613,
855,8.91,559,1000,559,13.4295081967,-91.0809241867,9.36317368967,
856,8.91,573,1000,573,13.4531563231,-90.0,9.26699879343,
857,8.73,567,1000,567,13.442118791,-90.0,9.23836932626,
858,8.73,564,1000,564,13.4716502378,-90.7605320928,9.17330485936,
859,8.73,575,1000,575,13.5096612522,-90.0,9.12642186525,
860,8.51,549,1000,549,13.5038328917,-90.0,9.09792069626,
861,8.51,575,1000,575,13.4863779449,-91.3322167034,9.05182365177,
862,8.29,551,1000,551,13.5120549463,-91.3803504798,8.95222042289,
863,8.29,577,1000,577,13.4035868134,-90.6969968461,8.79465658379,
864,8.29,584,1000,584,13.4381566005,-90.0,8.73400510025,
865,8.11,560,1000,560,13.4783603481,-90.0,8.7189851965,
866,8.11,594,1000,594,13.3736277401,-90.0,8.55204462433,
867,7.93,584,1000,584,13.3518305707,-90.0,8.48945365906,
868,7.93,575,1000,575,13.3407888752,-90.7345285772,8.42445701885,
869,7.93,570,1000,570,13.3207059399,-90.8680529825,8.38464532471,
870,7.76,587,1000,587,13.2000956733,-90.8425255734,8.42465941807,
871,7.76,580,1000,580,13.306886465,-90.0,8.37206575596,
872,7.74,564,1000,564,13.3693648896,-90.5070547343,8.24896674211,
873,7.74,587,1000,587,13.2531084407,-90.0,8.18812902832,
874,7.74,588,1000,588,13.3466471923,-90.2743827492,8.18813036728,
875,7.68,587,1000,587,13.297520766,-91.517485224,8.21437212601,
876,7.68,579,1000,579,13.3901078729,-91.8279682443,8.16829489933,
877,7.67,591,1000,591,13.3836561473,-91.0809222061,8.18953290264,
878,7.67,577,1000,577,13.4147327483,-90.0,8.21340053558,
879,7.67,580,1000,580,13.4549688993,-90.6095065767,8.16122176056,
880,7.68,587,1000,587,13.4358320547,-90.0,8.00557062588,
881,7.68,609,1000,609,13.3970793034,-90.0,7.88486558533,
882,7.65,597,1000,597,13.3536159442,-90.0,7.82421343231,
883,7.65,605,1000,605,13.2392198454,-90.0,7.86060499191,
884,7.65,587,1000,587,13.4100577735,-91.0809220711,7.88632347065,
885,7.61,599,1000,599,13.4064572632,-90.6437457142,7.8863234449,
886,7.61,595,1000,595,13.3449061406,-90.0,7.83431989288,
887,7.42,604,1000,604,13.3886546239,-89.8447336054,7.72249856345,
888,7.42,591,1000,591,13.4513442352,-90.0,7.64238173671,
889,7.42,580,1000,580,13.5676083082,-90.9548377976,7.68762105232,
890,7.32,575,1000,575,13.4591137652,-90.9335296923,7.64225429535,
891,7.32,584,1000,584,13.467108474,-91.1233005266,7.68978491106,
892,7.14,582,1000,582,13.4276594859,-90.2702775433,7.63425,
893,7.14,575,1000,575,11.4038249256,-90.0,7.45926615861,
894,7.14,590,1000,590,13.4019165205,-89.1574780234,7.42390359879,
895,6.9,581,1000,581,13.3890392768,-90.0,7.371,
896,6.9,568,1000,568,13.388697362,-90.6820603932,7.37152230292,
897,6.74,588,1000,588,13.3791735115,-91.3400011159,7.20031393847,
898,6.74,599,1000,599,13.2971835094,-91.4320961842,7.09637956238,
899,6.74,598,1000,598,13.30583111,-91.4321017144,7.04158588652,
900,6.53,600,1000,600,13.2543229851,-90.8680491924,7.02054841608,
901,6.53,605,1000,605,13.2966355039,-90.7161599455,6.97672055147,
902,6.5,591,1000,591,13.3303161668,-90.3774257783,6.95059875862,
903,6.5,593,1000,593,13.3420619849,-90.2854487803,6.91733132172,
904,6.5,585,1000,585,13.3924593849,-91.0416282811,6.84506247689,
905,6.39,585,1000,585,13.375760185,-90.8814129613,6.8445,
906,6.39,601,1000,601,13.3479214204,-90.8814129613,6.77237502262,
907,6.21,585,1000,585,13.3657436028,-90.0,6.69707930374,
908,6.21,587,1000,587,13.3108138557,-90.0,6.669,
909,6.21,594,1000,594,13.3811369633,-90.0,6.55050482941,
910,6.04,602,1000,602,13.2991229683,-90.0,6.52017741394,
911,6.04,602,1000,602,13.2525640621,-89.215175397,6.31985090993,
912,5.75,611,1000,611,13.2355851762,-89.0451735155,6.23025,
913,5.75,610,1000,610,13.2208580642,-90.0,6.18658655548,
914,5.75,596,1000,596,13.2608182919,-90.0,6.05506791809,
915,5.5,608,1000,608,13.2008019362,-91.0230147444,5.96764518571,
916,5.5,592,1000,592,13.1885983806,-91.7357045889,5.88186881973,
917,5.38,595,1000,595,13.2196496448,-91.7623910237,5.70426547014,
918,5.38,609,1000,609,13.211779492,-90.9093804492,5.58189383827,
919,5.38,608,1000,608,13.2299491217,-90.0,5.47661189152,
920,5.16,609,1000,609,13.1261098019,-88.68811357,5.44332990916,
921,5.16,617,1000,617,13.1922487788,-88.0250579774,5.31577729434,
922,5.05,602,1000,602,13.2299908526,-88.4915166053,5.15870882086,
923,5.05,594,1000,594,13.1478762421,-90.0,4.85459312353,
924,5.05,614,1000,614,13.1771624971,-91.4688031078,4.55148692626,
925,4.85,603,1000,603,13.2478340382,-91.6846869416,4.32243330499,
926,4.85,607,1000,607,13.2380080672,-90.0,4.19232333183,
927,4.45,635,1000,635,13.1858619074,-90.0,4.16988004017,
928,4.45,614,1000,614,13.2360863912,-89.4093411052,4.04352149963,
929,4.45,634,1000,634,13.1476701722,-90.0,3.89609946442,
930,4.01,643,1000,643,13.1830436983,-90.0,3.77308932495,
931,4.01,637,1000,637,13.1893034138,-90.0,3.51,
932,3.47,652,1000,652,13.133343562,-90.0,3.33590322876,
933,3.47,632,1000,632,13.0464930371,-91.548157699,3.24793559434,
934,3.47,650,1000,650,13.097417866,-90.0,3.159,
935,2.83,655,1000,655,13.1314521507,-90.0,3.05690171814,
936,2.83,647,1000,647,13.0681181591,-90.0,2.9835,
937,2.47,649,1000,649,13.0175820833,-90.0,2.87825244098,
938,2.47,650,1000,650,13.0396789126,-90.0,2.69547992333,
939,2.47,644,1000,644,13.043409575,-90.0,2.54741720581,
940,2.03,661,1000,661,12.9978152609,-92.3859680209,2.52939444863,
941,2.03,655,1000,655,12.9374764804,-90.0,2.42418857308,
942,1.92,665,1000,665,12.9661124885,-90.0,2.3698016942,
943,1.92,669,1000,669,12.9120663966,-90.0,2.35818082809,
944,1.92,649,1000,649,12.9553791506,-90.0,2.27448117828,
945,1.69,673,1000,673,12.9267108004,-90.0,2.1835016098,
946,1.69,669,1000,669,12.9200609916,-90.0,2.09616133118,
947,1.51,691,1000,691,12.8735056429,-90.0,1.9651522522,
948,1.51,699,1000,699,12.8173672823,-90.0,1.84275,
949,1.51,667,1000,667,12.8205015344,-90.0,1.79009946442,
950,1.38,673,1000,673,12.7887208852,-86.1858880933,1.67483043924,
951,1.38,693,1000,693,12.7607845762,-90.0,1.57212099838,
952,1.22,694,1000,694,12.6926270684,-90.0,1.404,
953,1.22,700,1000,700,12.6955084646,-90.0,1.31010083199,
954,1.22,697,1000,697,12.7346324105,-90.0,1.25769465637,
955,1.02,732,1000,732,12.6471977059,-90.0,1.09174946594,
956,1.02,725,1000,725,10.8403477757,-90.0,0.96525,
957,0.92,696,1000,696,12.7034294351,-90.0,0.8775,
958,0.92,719,1000,719,12.6673653246,-90.0,0.727833869934,
959,0.92,721,1000,721,12.612096391,-90.0,0.61425,
960,0.67,722,1000,722,12.5889295083,-90.0,0.505440856934,
961,0.67,735,1000,735,12.5745122258,-90.0,0.351,
962,0.38,734,1000,734,12.5267795011,-90.0,0.218352035522,
963,0.38,738,1000,738,12.5385755967,-90.0,0.126360214233,
964,0.38,802,1000,802,12.4373698975,0.0,0.0,
965,0.08,737,1000,737,12.5520840815,90.0,0.126360214233,
966,0.08,762,1000,762,12.4626104216,90.0,0.210599464417,
967,0.22,755,1000,755,12.5063854276,90.0,0.252720428467,
968,0.22,746,1000,746,12.4893666438,90.0,0.26325,
969,0.22,750,1000,750,12.5166115088,90.0,0.303263442993,
970,0.53,765,1000,765,12.4953198081,90.0,0.262020835876,
971,0.53,755,1000,755,12.4058433972,90.0,0.218349357605,
972,0.61,761,1000,761,12.4655365082,90.0,0.181957798004,
973,0.61,766,1000,766,12.492640182,90.0,0.126360214233,
974,0.61,781,1000,781,12.4603149611,0.0,0.0,
975,0.74,817,1000,817,12.3823671811,0.0,0.0,
976,0.74,798,1000,798,12.3955776352,0.0,0.0,
977,0.57,834,1000,834,12.3663038222,0.0,0.0,
978,0.57,822,1000,822,12.3394545615,0.0,0.0,
979,0.57,843,1000,843,12.2708639303,0.0,0.0,
980,0.44,815,1000,815,12.3258924898,0.0,0.0,
981,0.44,835,1000,835,12.3108785174,0.0,0.0,
982,0.36,838,1000,838,12.2865361744,0.0,0.0,
983,0.36,841,1000,841,12.3228505617,0.0,0.0,
984,0.36,806,1000,806,12.3432311378,0.0,0.0,
985,0.18,843,1000,843,12.3049914628,0.0,0.0,
986,0.18,844,1000,844,12.2126963236,0.0,0.0,
987,0.12,838,1000,838,12.2609277757,0.0,0.0,
988,0.12,811,1000,811,12.308927581,0.0,0.0,
989,0.12,839,1000,839,12.2471085312,0.0,0.0,
990,0.07,833,1000,833,12.1866508606,0.0,0.0,
991,0.07,846,1000,846,12.2210586737,0.0,0.0,
992,0.04,836,1000,836,12.1985597785,0.0,0.0,
993,0.04,851,1000,851,12.1657602469,0.0,0.0,
994,0.04,849,1000,849,12.1732810913,0.0,0.0,
995,0.01,845,1000,845,10.5434325762,0.0,0.0,
996,0.01,839,1000,839,12.2310729554,0.0,0.0,
997,0.04,829,1000,829,12.2067251445,0.0,0.0,
998,0.04,845,1000,845,12.1636786516,0.0,0.0,
999,0.04,852,1000,852,12.1103305702,0.0,0.0,
1000,0.04,838,1000,838,12.2240505481,0.0,0.0,
1001,0.04,838,1000,838,12.1690075463,0.0,0.0,
1002,0.03,839,1000,839,12.177911207,0.0,0.0,
1003,0.03,836,1000,836,12.1752246041,0.0,0.0,
1004,0.03,839,1000,839,12.1605752225,0.0,0.0,
1005,0.03,842,1000,842,12.201682628,0.0,0.0,
1006,0.03,837,1000,837,12.2141900313,0.0,0.0,
1007,0.04,828,1000,828,12.2010792256,0.0,0.0,
1008,0.04,835,1000,835,12.1288561415,0.0,0.0,
1009,0.04,834,1000,834,12.1865092278,0.0,0.0,
1010,0.01,827,1000,827,12.1905116214,0.0,0.0,
1011,0.01,822,1000,822,12.2234449315,0.0,0.0,
1012,0.05,848,1000,848,12.1741644293,0.0,0.0,
1013,0.05,839,1000,839,12.1775929948,0.0,0.0,
1014,0.05,850,1000,850,12.1570152836,0.0,0.0,
1015,0.03,844,1000,844,12.153175707,0.0,0.0,
1016,0.03,834,1000,834,12.1609983241,0.0,0.0,
1017,0.03,860,1000,860,12.1196037865,0.0,0.0,
1018,0.03,865,1000,865,12.1200590644,0.0,0.0,
1019,0.03,835,1000,835,12.127067654,0.0,0.0,
1020,0.05,831,1000,831,12.1869695464,0.0,0.0,
1021,0.05,858,1000,858,12.1590945987,0.0,0.0,
1022,0.03,841,1000,841,12.1362260635,0.0,0.0,
1023,0.03,838,1000,838,12.1905116214,0.0,0.0,
1024,0.03,855,1000,855,12.1362260635,0.0,0.0,
1025,0.04,838,1000,838,12.1629379167,0.0,0.0,
1026,0.04,846,1000,846,12.0891081975,0.0,0.0,
1027,0.03,838,1000,838,12.1897676149,0.0,0.0,
1028,0.03,832,1000,832,10.5987158138,0.0,0.0,
1029,0.03,819,1000,819,12.1899093234,0.0,0.0,
1030,0.03,847,1000,847,12.1814480177,0.0,0.0,
1031,0.03,838,1000,838,12.2130163731,0.0,0.0,
